"","ID","Description","GeneRatio","BgRatio","pvalue","p.adjust","qvalue","geneID","Count","name"
"R-HSA-6791226","R-HSA-6791226","Major pathway of rRNA processing in the nucleolus and cytosol","59/577","185/10955",5.91439003887279e-31,6.99672341598651e-28,5.88948734397227e-28,"DDX21/DDX47/RPL10A/UTP20/WDR12/UTP14A/RPL11/RPS3/RPL37A/BYSL/NOC4L/XRN2/EXOSC8/RBM28/NOP14/PNO1/MPHOSPH10/RPL23/EXOSC1/UTP6/EXOSC5/IMP4/WDR46/UTP15/NOL11/RPL5/EXOSC6/RPS12/DCAF13/RPL27A/RPS11/RPL30/RPL32/RPL28/NOL6/WDR43/RPS17/UTP18/RIOK3/EMG1/FCF1/RPL36AL/RPL18A/RIOK1/RPL24/RPL35A/RPL36A/RPS24/TSR1/NOB1/RPL36/UTP3/EXOSC7/LTV1/FAU/RPS29/RPL34/MPHOSPH6/ISG20L2",59,"Upres_DEq_MS_X3_vs_X5"
"R-HSA-8868773","R-HSA-8868773","rRNA processing in the nucleus and cytosol","59/577","195/10955",1.48635128593551e-29,8.79176785630851e-27,7.40046482365783e-27,"DDX21/DDX47/RPL10A/UTP20/WDR12/UTP14A/RPL11/RPS3/RPL37A/BYSL/NOC4L/XRN2/EXOSC8/RBM28/NOP14/PNO1/MPHOSPH10/RPL23/EXOSC1/UTP6/EXOSC5/IMP4/WDR46/UTP15/NOL11/RPL5/EXOSC6/RPS12/DCAF13/RPL27A/RPS11/RPL30/RPL32/RPL28/NOL6/WDR43/RPS17/UTP18/RIOK3/EMG1/FCF1/RPL36AL/RPL18A/RIOK1/RPL24/RPL35A/RPL36A/RPS24/TSR1/NOB1/RPL36/UTP3/EXOSC7/LTV1/FAU/RPS29/RPL34/MPHOSPH6/ISG20L2",59,"Upres_DEq_MS_X3_vs_X5"
"R-HSA-72312","R-HSA-72312","rRNA processing","60/577","205/10955",3.67266480200685e-29,1.44825415359137e-26,1.21906698340298e-26,"DDX21/DDX47/RPL10A/UTP20/WDR12/UTP14A/RPL11/RPS3/RPL37A/BYSL/NOC4L/XRN2/EXOSC8/RBM28/NOP14/PNO1/MPHOSPH10/RPL23/EXOSC1/UTP6/EXOSC5/IMP4/WDR46/UTP15/NOL11/RPL5/EXOSC6/RPS12/DCAF13/RPL27A/RPS11/RPL30/RPL32/RPL28/NOL6/WDR43/RPS17/UTP18/RIOK3/EMG1/FCF1/RPL36AL/RPL18A/ELAC2/RIOK1/RPL24/RPL35A/RPL36A/RPS24/TSR1/NOB1/RPL36/UTP3/EXOSC7/LTV1/FAU/RPS29/RPL34/MPHOSPH6/ISG20L2",60,"Upres_DEq_MS_X3_vs_X5"
"R-HSA-156827","R-HSA-156827","L13a-mediated translational silencing of Ceruloplasmin expression","35/577","112/10955",1.92159222601632e-18,5.68310900844325e-16,4.78375327845114e-16,"RPL10A/EIF2S1/RPL11/RPS3/RPL37A/EIF3B/EIF3A/RPL23/EIF3C/EIF4A1/EIF3I/RPL5/RPS12/RPL27A/RPS11/EIF4B/RPL30/RPL32/RPL28/RPS17/RPL36AL/EIF3J/RPL18A/RPL24/EIF3K/RPL35A/EIF3M/RPL36A/RPS24/EIF4G1/RPL36/EIF4H/FAU/RPS29/RPL34",35,"Upres_DEq_MS_X3_vs_X5"
"R-HSA-72706","R-HSA-72706","GTP hydrolysis and joining of the 60S ribosomal subunit","35/577","113/10955",2.64904246923039e-18,6.2676344821991e-16,5.2757772124041e-16,"RPL10A/EIF2S1/RPL11/RPS3/RPL37A/EIF3B/EIF3A/RPL23/EIF3C/EIF4A1/EIF3I/RPL5/RPS12/RPL27A/RPS11/EIF4B/RPL30/RPL32/RPL28/RPS17/RPL36AL/EIF3J/RPL18A/RPL24/EIF3K/RPL35A/EIF3M/RPL36A/RPS24/EIF4G1/RPL36/EIF4H/FAU/RPS29/RPL34",35,"Upres_DEq_MS_X3_vs_X5"
"R-HSA-72613","R-HSA-72613","Eukaryotic Translation Initiation","35/577","120/10955",2.25546386249448e-17,3.81173392761566e-15,3.20852453221019e-15,"RPL10A/EIF2S1/RPL11/RPS3/RPL37A/EIF3B/EIF3A/RPL23/EIF3C/EIF4A1/EIF3I/RPL5/RPS12/RPL27A/RPS11/EIF4B/RPL30/RPL32/RPL28/RPS17/RPL36AL/EIF3J/RPL18A/RPL24/EIF3K/RPL35A/EIF3M/RPL36A/RPS24/EIF4G1/RPL36/EIF4H/FAU/RPS29/RPL34",35,"Upres_DEq_MS_X3_vs_X5"
"R-HSA-72737","R-HSA-72737","Cap-dependent Translation Initiation","35/577","120/10955",2.25546386249448e-17,3.81173392761566e-15,3.20852453221019e-15,"RPL10A/EIF2S1/RPL11/RPS3/RPL37A/EIF3B/EIF3A/RPL23/EIF3C/EIF4A1/EIF3I/RPL5/RPS12/RPL27A/RPS11/EIF4B/RPL30/RPL32/RPL28/RPS17/RPL36AL/EIF3J/RPL18A/RPL24/EIF3K/RPL35A/EIF3M/RPL36A/RPS24/EIF4G1/RPL36/EIF4H/FAU/RPS29/RPL34",35,"Upres_DEq_MS_X3_vs_X5"
"R-HSA-72689","R-HSA-72689","Formation of a pool of free 40S subunits","30/577","102/10955",3.53582523876537e-15,5.22860157182429e-13,4.40117194193689e-13,"RPL10A/RPL11/RPS3/RPL37A/EIF3B/EIF3A/RPL23/EIF3C/EIF3I/RPL5/RPS12/RPL27A/RPS11/RPL30/RPL32/RPL28/RPS17/RPL36AL/EIF3J/RPL18A/RPL24/EIF3K/RPL35A/EIF3M/RPL36A/RPS24/RPL36/FAU/RPS29/RPL34",30,"Upres_DEq_MS_X3_vs_X5"
"R-HSA-69190","R-HSA-69190","DNA strand elongation","17/577","32/10955",3.96762689276457e-14,5.21522512682276e-12,4.38991232813483e-12,"MCM3/MCM6/MCM4/MCM7/MCM5/PCNA/MCM2/RFC3/RFC4/RFC2/RFC5/FEN1/RPA2/LIG1/RFC1/GINS2/POLD2",17,"Upres_DEq_MS_X3_vs_X5"
"R-HSA-927802","R-HSA-927802","Nonsense-Mediated Decay (NMD)","28/577","116/10955",6.39120937366033e-12,6.8734551718547e-10,5.78572638036619e-10,"RPL10A/RPL11/RPS3/RPL37A/RPL23/RPL5/RPS12/RPL27A/RPS11/GSPT1/RPL30/RPL32/RPL28/RPS17/EIF4A3/SMG1/RPL36AL/RPL18A/RPL24/RPL35A/RPL36A/RPS24/EIF4G1/RPL36/FAU/RPS29/RPL34/PPP2CA",28,"Upres_DEq_MS_X3_vs_X5"
"R-HSA-975957","R-HSA-975957","Nonsense Mediated Decay (NMD) enhanced by the Exon Junction Complex (EJC)","28/577","116/10955",6.39120937366033e-12,6.8734551718547e-10,5.78572638036619e-10,"RPL10A/RPL11/RPS3/RPL37A/RPL23/RPL5/RPS12/RPL27A/RPS11/GSPT1/RPL30/RPL32/RPL28/RPS17/EIF4A3/SMG1/RPL36AL/RPL18A/RPL24/RPL35A/RPL36A/RPS24/EIF4G1/RPL36/FAU/RPS29/RPL34/PPP2CA",28,"Upres_DEq_MS_X3_vs_X5"
"R-HSA-975956","R-HSA-975956","Nonsense Mediated Decay (NMD) independent of the Exon Junction Complex (EJC)","25/577","96/10955",1.45465191152123e-11,1.43404434277468e-09,1.20710588447288e-09,"RPL10A/RPL11/RPS3/RPL37A/RPL23/RPL5/RPS12/RPL27A/RPS11/GSPT1/RPL30/RPL32/RPL28/RPS17/RPL36AL/RPL18A/RPL24/RPL35A/RPL36A/RPS24/EIF4G1/RPL36/FAU/RPS29/RPL34",25,"Upres_DEq_MS_X3_vs_X5"
"R-HSA-156902","R-HSA-156902","Peptide chain elongation","24/577","90/10955",2.15904889200917e-11,1.82439631374775e-09,1.53568439988021e-09,"RPL10A/RPL11/RPS3/RPL37A/RPL23/RPL5/RPS12/RPL27A/RPS11/RPL30/RPL32/RPL28/RPS17/EEF2/RPL36AL/RPL18A/RPL24/RPL35A/RPL36A/RPS24/RPL36/FAU/RPS29/RPL34",24,"Upres_DEq_MS_X3_vs_X5"
"R-HSA-192823","R-HSA-192823","Viral mRNA Translation","24/577","90/10955",2.15904889200917e-11,1.82439631374775e-09,1.53568439988021e-09,"RPL10A/RPL11/RPS3/RPL37A/RPL23/RPL5/RPS12/RPL27A/RPS11/RPL30/RPL32/RPL28/RPS17/RPL36AL/GRSF1/RPL18A/RPL24/RPL35A/RPL36A/RPS24/RPL36/FAU/RPS29/RPL34",24,"Upres_DEq_MS_X3_vs_X5"
"R-HSA-168255","R-HSA-168255","Influenza Infection","32/577","157/10955",2.54380579602708e-11,2.00621483780003e-09,1.6887300231871e-09,"NUP50/RPL10A/RPL11/RPS3/RPL37A/RPL23/RPL5/RPS12/RPL27A/RPS11/RPL30/RPL32/RPL28/RPS17/NDC1/KPNA2/EIF2AK2/RPL36AL/GRSF1/AAAS/RPL18A/GTF2F1/RPL24/RPL35A/RPL36A/RPS24/RPL36/KPNA1/FAU/POLR2G/RPS29/RPL34",32,"Upres_DEq_MS_X3_vs_X5"
"R-HSA-156842","R-HSA-156842","Eukaryotic Translation Elongation","24/577","94/10955",5.884677848148e-11,4.02769134346173e-09,3.39030654528166e-09,"RPL10A/RPL11/RPS3/RPL37A/RPL23/RPL5/RPS12/RPL27A/RPS11/RPL30/RPL32/RPL28/RPS17/EEF2/RPL36AL/RPL18A/RPL24/RPL35A/RPL36A/RPS24/RPL36/FAU/RPS29/RPL34",24,"Upres_DEq_MS_X3_vs_X5"
"R-HSA-72764","R-HSA-72764","Eukaryotic Translation Termination","24/577","94/10955",5.884677848148e-11,4.02769134346173e-09,3.39030654528166e-09,"RPL10A/RPL11/RPS3/RPL37A/RPL23/RPL5/RPS12/RPL27A/RPS11/GSPT1/RPL30/RPL32/RPL28/RPS17/RPL36AL/RPL18A/RPL24/RPL35A/RPL36A/RPS24/RPL36/FAU/RPS29/RPL34",24,"Upres_DEq_MS_X3_vs_X5"
"R-HSA-9633012","R-HSA-9633012","Response of EIF2AK4 (GCN2) to amino acid deficiency","25/577","102/10955",6.12835538312013e-11,4.02769134346173e-09,3.39030654528166e-09,"RPL10A/EIF2S1/RPL11/RPS3/RPL37A/RPL23/RPL5/RPS12/RPL27A/RPS11/RPL30/RPL32/RPL28/RPS17/RPL36AL/RPL18A/RPL24/RPL35A/RPL36A/RPS24/RPL36/FAU/RPS29/RPL34/ATF2",25,"Upres_DEq_MS_X3_vs_X5"
"R-HSA-168273","R-HSA-168273","Influenza Viral RNA Transcription and Replication","29/577","136/10955",7.02031212276071e-11,4.16987638527303e-09,3.50999071092075e-09,"NUP50/RPL10A/RPL11/RPS3/RPL37A/RPL23/RPL5/RPS12/RPL27A/RPS11/RPL30/RPL32/RPL28/RPS17/NDC1/RPL36AL/GRSF1/AAAS/RPL18A/GTF2F1/RPL24/RPL35A/RPL36A/RPS24/RPL36/FAU/POLR2G/RPS29/RPL34",29,"Upres_DEq_MS_X3_vs_X5"
"R-HSA-72649","R-HSA-72649","Translation initiation complex formation","19/577","59/10955",7.40214742947875e-11,4.16987638527303e-09,3.50999071092075e-09,"EIF2S1/RPS3/EIF3B/EIF3A/EIF3C/EIF4A1/EIF3I/RPS12/RPS11/EIF4B/RPS17/EIF3J/EIF3K/EIF3M/RPS24/EIF4G1/EIF4H/FAU/RPS29",19,"Upres_DEq_MS_X3_vs_X5"
"R-HSA-72702","R-HSA-72702","Ribosomal scanning and start codon recognition","19/577","59/10955",7.40214742947875e-11,4.16987638527303e-09,3.50999071092075e-09,"EIF2S1/RPS3/EIF3B/EIF3A/EIF3C/EIF4A1/EIF3I/RPS12/RPS11/EIF4B/RPS17/EIF3J/EIF3K/EIF3M/RPS24/EIF4G1/EIF4H/FAU/RPS29",19,"Upres_DEq_MS_X3_vs_X5"
"R-HSA-72662","R-HSA-72662","Activation of the mRNA upon binding of the cap-binding complex and eIFs, and subsequent binding to 43S","19/577","60/10955",1.03084602866362e-10,5.5142893458974e-09,4.64164943828708e-09,"EIF2S1/RPS3/EIF3B/EIF3A/EIF3C/EIF4A1/EIF3I/RPS12/RPS11/EIF4B/RPS17/EIF3J/EIF3K/EIF3M/RPS24/EIF4G1/EIF4H/FAU/RPS29",19,"Upres_DEq_MS_X3_vs_X5"
"R-HSA-69239","R-HSA-69239","Synthesis of DNA","27/577","121/10955",1.07209344848386e-10,5.5142893458974e-09,4.64164943828708e-09,"MCM3/MCM6/MCM4/MCM7/MCM5/PCNA/MCM2/RFC3/PSME4/RFC4/PSME3/RFC2/RFC5/FEN1/UBE2C/RPA2/LIG1/POLE3/RFC1/PSMA4/ORC5/GINS2/PSMA3/CCNE1/POLD2/UBE2E1/RBX1",27,"Upres_DEq_MS_X3_vs_X5"
"R-HSA-6790901","R-HSA-6790901","rRNA modification in the nucleus and cytosol","19/577","61/10955",1.42476927005139e-10,7.02292519362833e-09,5.91154267310797e-09,"DDX47/UTP20/UTP14A/NOC4L/NOP14/PNO1/MPHOSPH10/UTP6/IMP4/WDR46/UTP15/NOL11/DCAF13/NOL6/WDR43/UTP18/EMG1/FCF1/UTP3",19,"Upres_DEq_MS_X3_vs_X5"
"R-HSA-9010553","R-HSA-9010553","Regulation of expression of SLITs and ROBOs","32/577","172/10955",3.06743540676406e-10,1.45151043448075e-08,1.22180795570476e-08,"RPL10A/PSME4/RPL11/RPS3/RPL37A/PSME3/RPL23/RPL5/RPS12/RPL27A/RPS11/GSPT1/RPL30/RPL32/RPL28/RPS17/EIF4A3/RPL36AL/RPL18A/RPL24/RPL35A/RPL36A/RPS24/EIF4G1/RPL36/PSMA4/ROBO1/PSMA3/FAU/RPS29/RPL34/RBX1",32,"Upres_DEq_MS_X3_vs_X5"
"R-HSA-2408557","R-HSA-2408557","Selenocysteine synthesis","23/577","94/10955",3.73886635350547e-10,1.70118419084499e-08,1.43197067628185e-08,"RPL10A/RPL11/RPS3/RPL37A/RPL23/RPL5/RPS12/RPL27A/RPS11/RPL30/RPL32/RPL28/RPS17/RPL36AL/RPL18A/RPL24/RPL35A/RPL36A/RPS24/RPL36/FAU/RPS29/RPL34",23,"Upres_DEq_MS_X3_vs_X5"
"R-HSA-1799339","R-HSA-1799339","SRP-dependent cotranslational protein targeting to membrane","25/577","113/10955",6.43852401663617e-10,2.82102737469652e-08,2.37459794141825e-08,"RPL10A/RPL11/RPS3/RPL37A/RPL23/SRP14/RPL5/RPS12/RPL27A/RPS11/RPL30/RPL32/RPL28/RPS17/RPL36AL/RPL18A/RPL24/RPL35A/RPL36A/RPS24/RPL36/FAU/RPS29/RPL34/SRP19",25,"Upres_DEq_MS_X3_vs_X5"
"R-HSA-376176","R-HSA-376176","Signaling by ROBO receptors","36/577","219/10955",8.63882516192456e-10,3.64990363091313e-08,3.07230398615813e-08,"RPL10A/PSME4/RPL11/RPS3/RPL37A/PSME3/RPL23/RPL5/RPS12/RPL27A/RPS11/GSPT1/RPL30/RPL32/RPL28/RPS17/EIF4A3/RPL36AL/RPL18A/RPL24/RPL35A/RPL36A/RPS24/EIF4G1/RPL36/PSMA4/CLASP1/ROBO1/PSMA3/CLASP2/FAU/RPS29/ENAH/RPL34/RBX1/MYO9B",36,"Upres_DEq_MS_X3_vs_X5"
"R-HSA-5651801","R-HSA-5651801","PCNA-Dependent Long Patch Base Excision Repair","11/577","21/10955",1.71587515522343e-09,6.99958727113558e-08,5.89189799216466e-08,"PCNA/RFC3/RFC4/RFC2/RFC5/FEN1/RPA2/LIG1/POLE3/RFC1/POLD2",11,"Upres_DEq_MS_X3_vs_X5"
"R-HSA-9711097","R-HSA-9711097","Cellular response to starvation","29/577","157/10955",2.5149652820223e-09,9.91734642877459e-08,8.34791984839681e-08,"RPL10A/EIF2S1/RPL11/RPS3/RPL37A/RPL23/RPL5/RPS12/RPL27A/RPS11/RPL30/RPL32/RPL28/RPS17/RPL36AL/RPL18A/RPL24/RPL35A/RPL36A/RPS24/RPL36/ATP6V1G1/ATP6V1F/LAMTOR5/FAU/RPS29/RPL34/MIOS/ATF2",29,"Upres_DEq_MS_X3_vs_X5"
"R-HSA-69242","R-HSA-69242","S Phase","29/577","163/10955",6.16756101205589e-09,2.35362086363294e-07,1.98115881745497e-07,"MCM3/MCM6/MCM4/MCM7/MCM5/PCNA/MCM2/RFC3/PSME4/RFC4/PSME3/RFC2/RFC5/FEN1/RBBP4/UBE2C/RPA2/LIG1/POLE3/RFC1/PSMA4/ORC5/GINS2/PSMA3/CCNE1/POLD2/UBE2E1/WAPL/RBX1",29,"Upres_DEq_MS_X3_vs_X5"
"R-HSA-72766","R-HSA-72766","Translation","41/577","292/10955",7.38113483371905e-09,2.72871328384051e-07,2.29689261601915e-07,"RPL10A/EIF2S1/RPL11/RPS3/RPL37A/EIF3B/EIF3A/RPL23/SRP14/EIF3C/EIF4A1/EIF3I/RPL5/FARSB/RPS12/RPL27A/RPS11/EIF4B/GSPT1/RPL30/RPL32/RPL28/RPS17/FARSA/EEF2/RPL36AL/EIF3J/RPL18A/RPL24/EIF3K/RPL35A/EIF3M/RPL36A/RPS24/EIF4G1/RPL36/EIF4H/FAU/RPS29/RPL34/SRP19",41,"Upres_DEq_MS_X3_vs_X5"
"R-HSA-2408522","R-HSA-2408522","Selenoamino acid metabolism","24/577","119/10955",1.00868908940675e-08,3.61599755384299e-07,3.0437635680344e-07,"RPL10A/RPL11/RPS3/RPL37A/RPL23/RPL5/CBS/RPS12/RPL27A/RPS11/RPL30/RPL32/RPL28/RPS17/RPL36AL/RPL18A/RPL24/RPL35A/RPL36A/RPS24/RPL36/FAU/RPS29/RPL34",24,"Upres_DEq_MS_X3_vs_X5"
"R-HSA-69186","R-HSA-69186","Lagging Strand Synthesis","10/577","20/10955",1.74092752943904e-08,6.05740372743053e-07,5.09881561253662e-07,"PCNA/RFC3/RFC4/RFC2/RFC5/FEN1/RPA2/LIG1/RFC1/POLD2",10,"Upres_DEq_MS_X3_vs_X5"
"R-HSA-176187","R-HSA-176187","Activation of ATR in response to replication stress","13/577","37/10955",2.32239281101878e-08,7.84968770124348e-07,6.60746947134968e-07,"MCM3/MCM6/MCM4/MCM7/MCM5/MCM2/RFC3/RFC4/RFC2/RFC5/RPA2/ORC5/RAD9A",13,"Upres_DEq_MS_X3_vs_X5"
"R-HSA-110373","R-HSA-110373","Resolution of AP sites via the multiple-nucleotide patch replacement pathway","11/577","26/10955",2.95065920469085e-08,9.69619399763687e-07,8.1617649346127e-07,"PCNA/RFC3/RFC4/RFC2/RFC5/FEN1/RPA2/LIG1/POLE3/RFC1/POLD2",11,"Upres_DEq_MS_X3_vs_X5"
"R-HSA-72695","R-HSA-72695","Formation of the ternary complex, and subsequently, the 43S complex","15/577","52/10955",4.05544144134139e-08,1.29664519597483e-06,1.09145024281905e-06,"EIF2S1/RPS3/EIF3B/EIF3A/EIF3C/EIF3I/RPS12/RPS11/RPS17/EIF3J/EIF3K/EIF3M/RPS24/FAU/RPS29",15,"Upres_DEq_MS_X3_vs_X5"
"R-HSA-69306","R-HSA-69306","DNA Replication","29/577","187/10955",1.43584113201631e-07,4.47000015572446e-06,3.76261969774912e-06,"MCM3/MCM6/MCM4/MCM7/MCM5/PCNA/MCM2/RFC3/PSME4/RFC4/PSME3/RFC2/RFC5/FEN1/UBE2C/KPNA6/RPA2/LIG1/POLE3/RFC1/PSMA4/ORC5/KPNA1/GINS2/PSMA3/CCNE1/POLD2/UBE2E1/RBX1",29,"Upres_DEq_MS_X3_vs_X5"
"R-HSA-5696397","R-HSA-5696397","Gap-filling DNA repair synthesis and ligation in GG-NER","10/577","25/10955",2.4224698002468e-07,7.34815839408197e-06,6.18530750616323e-06,"PCNA/RFC3/RFC4/RFC2/RFC5/RPA2/LIG1/POLE3/RFC1/POLD2",10,"Upres_DEq_MS_X3_vs_X5"
"R-HSA-3371453","R-HSA-3371453","Regulation of HSF1-mediated heat shock response","16/577","69/10955",4.02672454458505e-07,1.19090378406103e-05,1.00244247873091e-05,"NUP50/BAG2/DNAJB1/DNAJC7/HSPA14/NDC1/DNAJC2/RPS19BP1/RPA2/HSPA13/AAAS/HSPA4L/BAG4/MAPK3/BAG3/SIRT1",16,"Upres_DEq_MS_X3_vs_X5"
"R-HSA-69620","R-HSA-69620","Cell Cycle Checkpoints","37/577","293/10955",6.27720807342479e-07,1.81120418313696e-05,1.5245799325956e-05,"MCM3/MCM6/MCM4/MCM7/MCM5/MCM2/RFC3/PSME4/RFC4/PSME3/CKAP5/RCC2/RFC2/RFC5/NUDC/SPC24/MDC1/UBE2C/RPA2/CLIP1/BRCC3/MIS12/BABAM2/CDK1/PSMA4/ORC5/CLASP1/PSMA3/CLASP2/CCNE1/KIF2A/NDE1/UBE2E1/CDC20/PPP2CA/RAD9A/TOP3A",37,"Upres_DEq_MS_X3_vs_X5"
"R-HSA-176974","R-HSA-176974","Unwinding of DNA","7/577","12/10955",6.81599571587607e-07,1.91983879330509e-05,1.61602304441573e-05,"MCM3/MCM6/MCM4/MCM7/MCM5/MCM2/GINS2",7,"Upres_DEq_MS_X3_vs_X5"
"R-HSA-450604","R-HSA-450604","KSRP (KHSRP) binds and destabilizes mRNA","8/577","17/10955",8.98974215793949e-07,2.47322441228893e-05,2.08183502604915e-05,"PARN/EXOSC8/EXOSC1/EXOSC5/EXOSC6/KHSRP/EXOSC7/MAPK14",8,"Upres_DEq_MS_X3_vs_X5"
"R-HSA-6782210","R-HSA-6782210","Gap-filling DNA repair synthesis and ligation in TC-NER","15/577","65/10955",9.91786127977664e-07,2.66655224863086e-05,2.24456860542314e-05,"PCNA/RFC3/RFC4/RFC2/RFC5/RPA2/LIG1/POLE3/TCEA1/RFC1/POLD2/POLR2G/HMGN1/RBX1/ERCC6",15,"Upres_DEq_MS_X3_vs_X5"
"R-HSA-9754678","R-HSA-9754678","SARS-CoV-2 modulates host translation machinery","13/577","51/10955",1.56919078496271e-06,4.12522821913531e-05,3.47240814637363e-05,"GEMIN4/RPS3/GEMIN5/SMN1/RPS12/RPS11/RPS17/GEMIN8/DDX20/RPS24/FAU/GEMIN6/RPS29",13,"Upres_DEq_MS_X3_vs_X5"
"R-HSA-110314","R-HSA-110314","Recognition of DNA damage by PCNA-containing replication complex","10/577","30/10955",1.75202746857457e-06,4.50575759852982e-05,3.79271850176555e-05,"PCNA/RFC3/RFC4/RFC2/RFC5/RPA2/POLE3/RFC1/POLD2/RBX1",10,"Upres_DEq_MS_X3_vs_X5"
"R-HSA-69091","R-HSA-69091","Polymerase switching","7/577","14/10955",2.69159560797553e-06,6.63366167548968e-05,5.58388036215976e-05,"PCNA/RFC3/RFC4/RFC2/RFC5/RFC1/POLD2",7,"Upres_DEq_MS_X3_vs_X5"
"R-HSA-69109","R-HSA-69109","Leading Strand Synthesis","7/577","14/10955",2.69159560797553e-06,6.63366167548968e-05,5.58388036215976e-05,"PCNA/RFC3/RFC4/RFC2/RFC5/RFC1/POLD2",7,"Upres_DEq_MS_X3_vs_X5"
"R-HSA-3371556","R-HSA-3371556","Cellular response to heat stress","17/577","89/10955",3.18942153183384e-06,7.7001748411417e-05,6.48161711947328e-05,"NUP50/BAG2/PTGES3/DNAJB1/DNAJC7/HSPA14/NDC1/DNAJC2/RPS19BP1/RPA2/HSPA13/AAAS/HSPA4L/BAG4/MAPK3/BAG3/SIRT1",17,"Upres_DEq_MS_X3_vs_X5"
"R-HSA-73933","R-HSA-73933","Resolution of Abasic Sites (AP sites)","11/577","39/10955",3.4177946442847e-06,7.92940238481782e-05,6.6745692539375e-05,"PCNA/RFC3/RFC4/RFC2/RFC5/FEN1/RPA2/LIG1/POLE3/RFC1/POLD2",11,"Upres_DEq_MS_X3_vs_X5"
"R-HSA-5656169","R-HSA-5656169","Termination of translesion DNA synthesis","10/577","32/10955",3.41842368238131e-06,7.92940238481782e-05,6.6745692539375e-05,"PCNA/RFC3/RFC4/RFC2/RFC5/USP10/RPA2/POLE3/RFC1/POLD2",10,"Upres_DEq_MS_X3_vs_X5"
"R-HSA-174417","R-HSA-174417","Telomere C-strand (Lagging Strand) Synthesis","10/577","34/10955",6.31435510029636e-06,0.000143651578531742,0.000120918621961141,"PCNA/RFC3/RFC4/RFC2/RFC5/FEN1/RPA2/LIG1/RFC1/POLD2",10,"Upres_DEq_MS_X3_vs_X5"
"R-HSA-6782135","R-HSA-6782135","Dual incision in TC-NER","14/577","66/10955",6.58454711799406e-06,0.00014697206114315,0.000123713636020305,"PCNA/RFC3/RFC4/RFC2/RFC5/RPA2/POLE3/TCEA1/RFC1/POLD2/POLR2G/HMGN1/RBX1/ERCC6",14,"Upres_DEq_MS_X3_vs_X5"
"R-HSA-110312","R-HSA-110312","Translesion synthesis by REV1","7/577","16/10955",8.17723303567457e-06,0.000179141975577834,0.000150792640384954,"PCNA/RFC3/RFC4/RFC2/RFC5/RPA2/RFC1",7,"Upres_DEq_MS_X3_vs_X5"
"R-HSA-6781827","R-HSA-6781827","Transcription-Coupled Nucleotide Excision Repair (TC-NER)","15/577","79/10955",1.2997457150107e-05,0.000275452505437651,0.000231861965692946,"PCNA/RFC3/RFC4/RFC2/RFC5/RPA2/LIG1/POLE3/TCEA1/RFC1/POLD2/POLR2G/HMGN1/RBX1/ERCC6",15,"Upres_DEq_MS_X3_vs_X5"
"R-HSA-5655862","R-HSA-5655862","Translesion synthesis by POLK","7/577","17/10955",1.32720142095909e-05,0.000275452505437651,0.000231861965692946,"PCNA/RFC3/RFC4/RFC2/RFC5/RPA2/RFC1",7,"Upres_DEq_MS_X3_vs_X5"
"R-HSA-5656121","R-HSA-5656121","Translesion synthesis by POLI","7/577","17/10955",1.32720142095909e-05,0.000275452505437651,0.000231861965692946,"PCNA/RFC3/RFC4/RFC2/RFC5/RPA2/RFC1",7,"Upres_DEq_MS_X3_vs_X5"
"R-HSA-69206","R-HSA-69206","G1/S Transition","20/577","131/10955",1.58324532197084e-05,0.000322927451015776,0.000271823969979022,"MCM3/MCM6/MCM4/MCM7/MCM5/PCNA/MCM2/PSME3/RBBP4/TK1/RPA2/DHFR/POLE3/RRM2/CDK1/PSMA4/ORC5/PSMA3/CCNE1/PPP2CA",20,"Upres_DEq_MS_X3_vs_X5"
"R-HSA-429914","R-HSA-429914","Deadenylation-dependent mRNA decay","12/577","55/10955",2.22016045782888e-05,0.000445160986713824,0.000374713968439986,"PARN/EXOSC8/EXOSC1/EXOSC5/EIF4A1/EXOSC6/EIF4B/EIF4A3/PAIP1/EIF4G1/EXOSC7/LSM7",12,"Upres_DEq_MS_X3_vs_X5"
"R-HSA-110313","R-HSA-110313","Translesion synthesis by Y family DNA polymerases bypasses lesions on DNA template","10/577","39/10955",2.41097486317578e-05,0.000475363877189491,0.000400137231677945,"PCNA/RFC3/RFC4/RFC2/RFC5/USP10/RPA2/POLE3/RFC1/POLD2",10,"Upres_DEq_MS_X3_vs_X5"
"R-HSA-381042","R-HSA-381042","PERK regulates gene expression","9/577","32/10955",2.7593688957888e-05,0.000535136623560352,0.000450450901711165,"PARN/EIF2S1/EXOSC8/EXOSC1/EXOSC5/EXOSC6/NFYC/KHSRP/EXOSC7",9,"Upres_DEq_MS_X3_vs_X5"
"R-HSA-73893","R-HSA-73893","DNA Damage Bypass","11/577","48/10955",2.98904213711151e-05,0.000570328523903696,0.000480073660731322,"PCNA/RFC3/RFC4/RFC2/RFC5/USP10/RPA2/POLE3/RFC1/POLD2/RBX1",11,"Upres_DEq_MS_X3_vs_X5"
"R-HSA-110320","R-HSA-110320","Translesion Synthesis by POLH","7/577","19/10955",3.13471512495147e-05,0.000588490559710026,0.000495361542452894,"PCNA/RFC3/RFC4/RFC2/RFC5/RPA2/RFC1",7,"Upres_DEq_MS_X3_vs_X5"
"R-HSA-9679506","R-HSA-9679506","SARS-CoV Infections","42/577","414/10955",3.18371900434841e-05,0.000588490559710026,0.000495361542452894,"NUP50/STAT1/GEMIN4/RPS3/GEMIN5/PRMT1/NPM1/SMN1/LARP1/PTGES3/G3BP1/CNBP/RPS12/RPS11/RBBP4/RPS17/G3BP2/NDC1/KPNA2/GEMIN8/GATAD2A/AAAS/IMPDH1/CHMP3/MBD3/DDX20/GALNT1/VPS33B/FUT8/RPS24/BST2/MAN2A1/CHMP4A/FAU/GEMIN6/RPS29/TRIM4/SRPK1/RBX1/STAT2/MTA1/SP1",42,"Upres_DEq_MS_X3_vs_X5"
"R-HSA-162587","R-HSA-162587","HIV Life Cycle","21/577","149/10955",3.3818104079458e-05,0.000606163895848466,0.000510238061549717,"NUP50/FEN1/NDC1/NMT1/VTA1/AAAS/CHMP3/LIG1/NELFE/ELOA/GTF2F1/TCEA1/TAF10/KPNA1/CHMP4A/CCNK/POLR2G/HMGA1/CCNT1/TAF7/GTF2E2",21,"Upres_DEq_MS_X3_vs_X5"
"R-HSA-453279","R-HSA-453279","Mitotic G1 phase and G1/S transition","21/577","149/10955",3.3818104079458e-05,0.000606163895848466,0.000510238061549717,"MCM3/MCM6/MCM4/MCM7/TOP2A/MCM5/PCNA/MCM2/PSME3/RBBP4/TK1/RPA2/DHFR/POLE3/RRM2/CDK1/PSMA4/ORC5/PSMA3/CCNE1/PPP2CA",21,"Upres_DEq_MS_X3_vs_X5"
"R-HSA-68962","R-HSA-68962","Activation of the pre-replicative complex","9/577","33/10955",3.61879924434645e-05,0.000638961120307739,0.000537845103715907,"MCM3/MCM6/MCM4/MCM7/MCM5/MCM2/RPA2/POLE3/ORC5",9,"Upres_DEq_MS_X3_vs_X5"
"R-HSA-5696400","R-HSA-5696400","Dual Incision in GG-NER","10/577","41/10955",3.86479967915398e-05,0.000672361473593994,0.000565959829176419,"PCNA/RFC3/RFC4/RFC2/RFC5/RPA2/POLE3/RFC1/POLD2/RBX1",10,"Upres_DEq_MS_X3_vs_X5"
"R-HSA-450531","R-HSA-450531","Regulation of mRNA stability by proteins that bind AU-rich elements","15/577","88/10955",4.92956730670879e-05,0.000845170742585,0.0007114219179476,"HSPB1/PARN/PSME4/EXOSC8/PSME3/EXOSC1/EXOSC5/EXOSC6/KHSRP/EIF4G1/EXOSC7/PSMA4/PRKCD/PSMA3/MAPK14",15,"Upres_DEq_MS_X3_vs_X5"
"R-HSA-380994","R-HSA-380994","ATF4 activates genes in response to endoplasmic reticulum  stress","8/577","27/10955",5.13421502819224e-05,0.000867682339764489,0.000730371040100731,"PARN/EXOSC8/EXOSC1/EXOSC5/EXOSC6/NFYC/KHSRP/EXOSC7",8,"Upres_DEq_MS_X3_vs_X5"
"R-HSA-180786","R-HSA-180786","Extension of Telomeres","11/577","51/10955",5.45571802533473e-05,0.000909030200559294,0.000765175574791202,"PCNA/RFC3/RFC4/RFC2/RFC5/FEN1/RPA2/LIG1/RFC1/WRAP53/POLD2",11,"Upres_DEq_MS_X3_vs_X5"
"R-HSA-69481","R-HSA-69481","G2/M Checkpoints","22/577","167/10955",6.33157995786682e-05,0.00103330960848843,0.000869787684860131,"MCM3/MCM6/MCM4/MCM7/MCM5/MCM2/RFC3/PSME4/RFC4/PSME3/RFC2/RFC5/MDC1/RPA2/BRCC3/BABAM2/CDK1/PSMA4/ORC5/PSMA3/RAD9A/TOP3A",22,"Upres_DEq_MS_X3_vs_X5"
"R-HSA-9705683","R-HSA-9705683","SARS-CoV-2-host interactions","25/577","203/10955",6.37629766860994e-05,0.00103330960848843,0.000869787684860131,"NUP50/STAT1/GEMIN4/RPS3/GEMIN5/SMN1/LARP1/G3BP1/CNBP/RPS12/RPS11/RPS17/G3BP2/NDC1/KPNA2/GEMIN8/AAAS/DDX20/VPS33B/RPS24/FAU/GEMIN6/RPS29/TRIM4/STAT2",25,"Upres_DEq_MS_X3_vs_X5"
"R-HSA-1169410","R-HSA-1169410","Antiviral mechanism by IFN-stimulated genes","14/577","80/10955",6.4894298545216e-05,0.00103743182674312,0.000873257559370901,"NUP50/STAT1/EIF4A1/EIF4A3/NDC1/KPNA2/OAS3/EIF2AK2/AAAS/EIF4G1/KPNA1/UBE2E1/MAPK3/FLNA",14,"Upres_DEq_MS_X3_vs_X5"
"R-HSA-390450","R-HSA-390450","Folding of actin by CCT/TriC","5/577","10/10955",8.04759118724073e-05,0.00126937338326744,0.00106849421236909,"CCT7/CCT3/CCT5/CCT4/TCP1",5,"Upres_DEq_MS_X3_vs_X5"
"R-HSA-162906","R-HSA-162906","HIV Infection","27/577","231/10955",8.18637771224584e-05,0.00127427432020879,0.00107261957282335,"NUP50/PSME4/PSME3/NPM1/FEN1/NDC1/NMT1/VTA1/AAAS/CHMP3/LIG1/NELFE/ELOA/GTF2F1/TCEA1/TAF10/PSMA4/KPNA1/PSMA3/CHMP4A/CCNK/POLR2G/HMGA1/CCNT1/TAF7/RBX1/GTF2E2",27,"Upres_DEq_MS_X3_vs_X5"
"R-HSA-69052","R-HSA-69052","Switching of origins to a post-replicative state","15/577","92/10955",8.37510601137269e-05,0.00128672083265635,0.00108309641650835,"MCM3/MCM6/MCM4/MCM7/MCM5/MCM2/PSME4/PSME3/UBE2C/PSMA4/ORC5/PSMA3/CCNE1/UBE2E1/RBX1",15,"Upres_DEq_MS_X3_vs_X5"
"R-HSA-9694516","R-HSA-9694516","SARS-CoV-2 Infection","32/577","299/10955",0.000103271861587909,0.00156628990074995,0.00131842349611554,"NUP50/STAT1/GEMIN4/RPS3/GEMIN5/PRMT1/SMN1/LARP1/G3BP1/CNBP/RPS12/RPS11/RPS17/G3BP2/NDC1/KPNA2/GEMIN8/AAAS/CHMP3/DDX20/GALNT1/VPS33B/FUT8/RPS24/MAN2A1/CHMP4A/FAU/GEMIN6/RPS29/TRIM4/SRPK1/STAT2",32,"Upres_DEq_MS_X3_vs_X5"
"R-HSA-68882","R-HSA-68882","Mitotic Anaphase","27/577","236/10955",0.000117919692557144,0.00176581007968483,0.00148636947580358,"PSME4/PSME3/CKAP5/RCC2/VRK1/NUDC/SPC24/UBE2C/ANKLE2/NDC1/VRK2/CHMP3/CLIP1/TUBA4A/MIS12/CDK1/PSMA4/CLASP1/PSMA3/CLASP2/CHMP4A/KIF2A/NDE1/UBE2E1/WAPL/CDC20/PPP2CA",27,"Upres_DEq_MS_X3_vs_X5"
"R-HSA-2555396","R-HSA-2555396","Mitotic Metaphase and Anaphase","27/577","237/10955",0.000126640011464286,0.00187268916952812,0.00157633487954229,"PSME4/PSME3/CKAP5/RCC2/VRK1/NUDC/SPC24/UBE2C/ANKLE2/NDC1/VRK2/CHMP3/CLIP1/TUBA4A/MIS12/CDK1/PSMA4/CLASP1/PSMA3/CLASP2/CHMP4A/KIF2A/NDE1/UBE2E1/WAPL/CDC20/PPP2CA",27,"Upres_DEq_MS_X3_vs_X5"
"R-HSA-2514853","R-HSA-2514853","Condensation of Prometaphase Chromosomes","5/577","11/10955",0.000141156671907718,0.00203644320569306,0.00171417473202441,"SMC4/NCAPD2/SMC2/NCAPG/CDK1",5,"Upres_DEq_MS_X3_vs_X5"
"R-HSA-73817","R-HSA-73817","Purine ribonucleoside monophosphate biosynthesis","5/577","11/10955",0.000141156671907718,0.00203644320569306,0.00171417473202441,"GART/PPAT/PAICS/GMPS/IMPDH1",5,"Upres_DEq_MS_X3_vs_X5"
"R-HSA-390471","R-HSA-390471","Association of TriC/CCT with target proteins during biosynthesis","9/577","39/10955",0.000149779368242297,0.00213480714012817,0.00179697250928616,"CCT7/CCT3/CCT5/XRN2/CCT4/WRAP53/TCP1/CCNE1/LONP2",9,"Upres_DEq_MS_X3_vs_X5"
"R-HSA-15869","R-HSA-15869","Metabolism of nucleotides","15/577","99/10955",0.000195775701259088,0.00275717445939883,0.00232084979186839,"RRM1/GART/DCTPP1/PPAT/TK1/PAICS/GMPS/IMPDH1/NUDT1/RRM2/AK6/UCKL1/NME2/DCK/CTPS1",15,"Upres_DEq_MS_X3_vs_X5"
"R-HSA-5696398","R-HSA-5696398","Nucleotide Excision Repair","16/577","111/10955",0.000219460741900474,0.00305437714903836,0.00257101996084023,"PCNA/RFC3/RFC4/RFC2/RFC5/RPA2/LIG1/POLE3/TCEA1/RFC1/POLD2/POLR2G/HMGN1/RBX1/ERCC6/INO80C",16,"Upres_DEq_MS_X3_vs_X5"
"R-HSA-5633007","R-HSA-5633007","Regulation of TP53 Activity","20/577","160/10955",0.000276498382449608,0.00380346030741729,0.00320156021783757,"RFC3/RFC4/RFC2/RFC5/RBBP4/MEAF6/RPA2/GATAD2A/MBD3/PRKAA2/TAF10/EHMT1/CDK1/PRKAA1/TAF7/MAPK14/PPP2CA/ING5/RAD9A/TOP3A",20,"Upres_DEq_MS_X3_vs_X5"
"R-HSA-174411","R-HSA-174411","Polymerase switching on the C-strand of the telomere","7/577","26/10955",0.000296343088592388,0.00402958475637696,0.00339190032436055,"PCNA/RFC3/RFC4/RFC2/RFC5/RFC1/POLD2",7,"Upres_DEq_MS_X3_vs_X5"
"R-HSA-68949","R-HSA-68949","Orc1 removal from chromatin","12/577","71/10955",0.00029983845599717,0.00403078288005287,0.00339290884417851,"MCM3/MCM6/MCM4/MCM7/MCM5/MCM2/PSME4/PSME3/PSMA4/ORC5/PSMA3/RBX1",12,"Upres_DEq_MS_X3_vs_X5"
"R-HSA-1169408","R-HSA-1169408","ISG15 antiviral mechanism","12/577","72/10955",0.000342940588179623,0.00455841253726398,0.00383704076189147,"NUP50/STAT1/EIF4A1/EIF4A3/NDC1/KPNA2/EIF2AK2/AAAS/EIF4G1/KPNA1/UBE2E1/MAPK3",12,"Upres_DEq_MS_X3_vs_X5"
"R-HSA-71291","R-HSA-71291","Metabolism of amino acids and derivatives","36/577","376/10955",0.000364486814221616,0.00475071504005408,0.00399891126742107,"CKB/RPL10A/PSME4/PAH/RPL11/RPS3/RPL37A/HPD/PSME3/SHMT1/RPL23/RPL5/CBS/RPS12/RPL27A/RPS11/RPL30/RPL32/RPL28/RPS17/PYCR3/AGXT/RPL36AL/RPL18A/CKMT2/RPL24/RPL35A/RPL36A/RPS24/RPL36/PSMA4/NDUFAB1/PSMA3/FAU/RPS29/RPL34",36,"Upres_DEq_MS_X3_vs_X5"
"R-HSA-3700989","R-HSA-3700989","Transcriptional Regulation by TP53","35/577","362/10955",0.000365439618465699,0.00475071504005408,0.00399891126742107,"PCNA/RFC3/RFC4/PRMT1/NPM1/RFC2/RFC5/RBBP4/MDC1/MEAF6/RPA2/GATAD2A/NELFE/MBD3/ELOA/GTF2F1/PRKAA2/TCEA1/TAF10/EHMT1/CDK1/PRKAA1/LAMTOR5/CCNE1/CCNK/POLR2G/FAS/CCNT1/TAF7/ATF2/MAPK14/PPP2CA/ING5/RAD9A/TOP3A",35,"Upres_DEq_MS_X3_vs_X5"
"R-HSA-73894","R-HSA-73894","DNA Repair","33/577","335/10955",0.000382736163410442,0.00492148784037558,0.00414265916002607,"PCNA/RFC3/ASCC3/RFC4/RFC2/RFC5/USP10/FEN1/MDC1/ASCC2/KPNA2/RPA2/LIG1/POLE3/BRCC3/TCEA1/RIF1/MSH3/UBE2T/RFC1/BABAM2/KDM4A/POLD2/TDP1/POLR2G/HMGN1/MGMT/RBX1/ASCC1/ERCC6/RAD9A/INO80C/TOP3A",33,"Upres_DEq_MS_X3_vs_X5"
"R-HSA-69205","R-HSA-69205","G1/S-Specific Transcription","7/577","28/10955",0.000486593222414569,0.00618967507652081,0.00521015493383342,"PCNA/RBBP4/TK1/DHFR/RRM2/CDK1/CCNE1",7,"Upres_DEq_MS_X3_vs_X5"
"R-HSA-5358606","R-HSA-5358606","Mismatch repair (MMR) directed by MSH2:MSH3 (MutSbeta)","5/577","14/10955",0.000535869498862103,0.00667298544372493,0.00561698111826648,"PCNA/RPA2/LIG1/MSH3/POLD2",5,"Upres_DEq_MS_X3_vs_X5"
"R-HSA-8956320","R-HSA-8956320","Nucleotide biosynthesis","5/577","14/10955",0.000535869498862103,0.00667298544372493,0.00561698111826648,"GART/PPAT/PAICS/GMPS/IMPDH1",5,"Upres_DEq_MS_X3_vs_X5"
"R-HSA-68886","R-HSA-68886","M Phase","38/577","417/10955",0.000662611545014768,0.00816530685158823,0.00687314168403476,"SMC4/NUP50/NCAPD2/SMC2/PSME4/NCAPG/PSME3/CKAP5/RCC2/VRK1/NUDC/SPC24/UBE2C/AKAP9/ANKLE2/NDC1/VRK2/AAAS/CHMP3/NUMA1/CLIP1/TUBA4A/MIS12/CDK1/PSMA4/CLASP1/PSMA3/CLASP2/CHMP4A/TUBGCP4/KIF2A/NDE1/UBE2E1/WAPL/ARPP19/CDC20/MAPK3/PPP2CA",38,"Upres_DEq_MS_X3_vs_X5"
"R-HSA-5358508","R-HSA-5358508","Mismatch Repair","5/577","15/10955",0.000769214421584056,0.00922077095087603,0.0077615778969869,"PCNA/RPA2/LIG1/MSH3/POLD2",5,"Upres_DEq_MS_X3_vs_X5"
"R-HSA-69183","R-HSA-69183","Processive synthesis on the lagging strand","5/577","15/10955",0.000769214421584056,0.00922077095087603,0.0077615778969869,"PCNA/FEN1/RPA2/LIG1/POLD2",5,"Upres_DEq_MS_X3_vs_X5"
"R-HSA-162599","R-HSA-162599","Late Phase of HIV Life Cycle","17/577","136/10955",0.000776937173892213,0.00922077095087603,0.0077615778969869,"NUP50/NDC1/NMT1/VTA1/AAAS/CHMP3/NELFE/ELOA/GTF2F1/TCEA1/TAF10/CHMP4A/CCNK/POLR2G/CCNT1/TAF7/GTF2E2",17,"Upres_DEq_MS_X3_vs_X5"
"R-HSA-5685942","R-HSA-5685942","HDR through Homologous Recombination (HRR)","11/577","68/10955",0.000779439640817923,0.00922077095087603,0.0077615778969869,"PCNA/RFC3/RFC4/RFC2/RFC5/RPA2/POLE3/RFC1/POLD2/RAD9A/TOP3A",11,"Upres_DEq_MS_X3_vs_X5"
"R-HSA-674695","R-HSA-674695","RNA Polymerase II Pre-transcription Events","12/577","81/10955",0.00102568849498529,0.0120137573224515,0.0101125723424292,"PAF1/NELFE/ELOA/GTF2F1/IWS1/TCEA1/TAF10/CCNK/POLR2G/CCNT1/TAF7/GTF2E2",12,"Upres_DEq_MS_X3_vs_X5"
"R-HSA-429958","R-HSA-429958","mRNA decay by 3' to 5' exoribonuclease","5/577","16/10955",0.00107077501973694,0.0124188906700863,0.0104535930719417,"EXOSC8/EXOSC1/EXOSC5/EXOSC6/EXOSC7",5,"Upres_DEq_MS_X3_vs_X5"
"R-HSA-68877","R-HSA-68877","Mitotic Prometaphase","22/577","204/10955",0.00109563736470372,0.0125838738101408,0.0105924675218163,"SMC4/NCAPD2/SMC2/NCAPG/CKAP5/RCC2/NUDC/SPC24/AKAP9/NUMA1/CLIP1/TUBA4A/MIS12/CDK1/CLASP1/CLASP2/TUBGCP4/KIF2A/NDE1/WAPL/CDC20/PPP2CA",22,"Upres_DEq_MS_X3_vs_X5"
"R-HSA-170834","R-HSA-170834","Signaling by TGF-beta Receptor Complex","13/577","93/10955",0.00112139374654093,0.012755853866903,0.010737231621738,"STRAP/STAT1/YBX1/F11R/ITGB5/ITGAV/ARHGEF18/NCOR1/CCNK/CCNT1/CCNC/MAPK3/SP1",13,"Upres_DEq_MS_X3_vs_X5"
"R-HSA-429947","R-HSA-429947","Deadenylation of mRNA","6/577","24/10955",0.00123915303891395,0.0138425932882213,0.0116519938164856,"PARN/EIF4A1/EIF4B/EIF4A3/PAIP1/EIF4G1",6,"Upres_DEq_MS_X3_vs_X5"
"R-HSA-381119","R-HSA-381119","Unfolded Protein Response (UPR)","13/577","94/10955",0.00124033380266395,0.0138425932882213,0.0116519938164856,"PARN/EIF2S1/EXOSC8/EXOSC1/EXOSC5/GFPT1/EXOSC6/TLN1/NFYC/KHSRP/GOSR2/EXOSC7/HDGF",13,"Upres_DEq_MS_X3_vs_X5"
"R-HSA-5693532","R-HSA-5693532","DNA Double-Strand Break Repair","19/577","168/10955",0.00133976117541295,0.0148124997244254,0.0124684119226822,"PCNA/RFC3/RFC4/RFC2/RFC5/FEN1/MDC1/KPNA2/RPA2/POLE3/BRCC3/RIF1/RFC1/BABAM2/KDM4A/POLD2/TDP1/RAD9A/TOP3A",19,"Upres_DEq_MS_X3_vs_X5"
"R-HSA-167287","R-HSA-167287","HIV elongation arrest and recovery","7/577","33/10955",0.00139631000518306,0.015154447120473,0.0127562459189104,"NELFE/ELOA/GTF2F1/TCEA1/CCNK/POLR2G/CCNT1",7,"Upres_DEq_MS_X3_vs_X5"
"R-HSA-167290","R-HSA-167290","Pausing and recovery of HIV elongation","7/577","33/10955",0.00139631000518306,0.015154447120473,0.0127562459189104,"NELFE/ELOA/GTF2F1/TCEA1/CCNK/POLR2G/CCNT1",7,"Upres_DEq_MS_X3_vs_X5"
"R-HSA-5696399","R-HSA-5696399","Global Genome Nucleotide Excision Repair (GG-NER)","12/577","84/10955",0.00141976844442324,0.015268964270479,0.0128526406547788,"PCNA/RFC3/RFC4/RFC2/RFC5/RPA2/LIG1/POLE3/RFC1/POLD2/RBX1/INO80C",12,"Upres_DEq_MS_X3_vs_X5"
"R-HSA-450385","R-HSA-450385","Butyrate Response Factor 1 (BRF1) binds and destabilizes mRNA","5/577","17/10955",0.00145183102376546,0.0153349651885227,0.0129081968842305,"EXOSC8/EXOSC1/EXOSC5/EXOSC6/EXOSC7",5,"Upres_DEq_MS_X3_vs_X5"
"R-HSA-450513","R-HSA-450513","Tristetraprolin (TTP, ZFP36) binds and destabilizes mRNA","5/577","17/10955",0.00145183102376546,0.0153349651885227,0.0129081968842305,"EXOSC8/EXOSC1/EXOSC5/EXOSC6/EXOSC7",5,"Upres_DEq_MS_X3_vs_X5"
"R-HSA-389960","R-HSA-389960","Formation of tubulin folding intermediates by CCT/TriC","6/577","25/10955",0.0015588587011187,0.0163197331276409,0.0137371246507526,"CCT7/CCT3/CCT5/CCT4/TUBA4A/TCP1",6,"Upres_DEq_MS_X3_vs_X5"
"R-HSA-191859","R-HSA-191859","snRNP Assembly","9/577","53/10955",0.00162313205279343,0.0166970888561272,0.0140547635875751,"NUP50/GEMIN4/GEMIN5/SMN1/NDC1/GEMIN8/AAAS/DDX20/GEMIN6",9,"Upres_DEq_MS_X3_vs_X5"
"R-HSA-194441","R-HSA-194441","Metabolism of non-coding RNA","9/577","53/10955",0.00162313205279343,0.0166970888561272,0.0140547635875751,"NUP50/GEMIN4/GEMIN5/SMN1/NDC1/GEMIN8/AAAS/DDX20/GEMIN6",9,"Upres_DEq_MS_X3_vs_X5"
"R-HSA-913531","R-HSA-913531","Interferon Signaling","21/577","200/10955",0.00196572544080379,0.0200470103144042,0.016874557776773,"NUP50/STAT1/TRIM26/EIF4A1/EIF4A3/NDC1/KPNA2/OAS3/EIF2AK2/IFITM3/AAAS/EIF4G1/SP100/BST2/KPNA1/PRKCD/UBE2E1/PTPN2/MAPK3/FLNA/STAT2",21,"Upres_DEq_MS_X3_vs_X5"
"R-HSA-9709570","R-HSA-9709570","Impaired BRCA2 binding to RAD51","7/577","35/10955",0.00200608106092061,0.020283708504864,0.0170737983232649,"RFC3/RFC4/RFC2/RFC5/RPA2/RAD9A/TOP3A",7,"Upres_DEq_MS_X3_vs_X5"
"R-HSA-69618","R-HSA-69618","Mitotic Spindle Checkpoint","14/577","113/10955",0.00239228530465484,0.0239836738593786,0.0201882417324129,"CKAP5/RCC2/NUDC/SPC24/UBE2C/CLIP1/MIS12/CLASP1/CLASP2/KIF2A/NDE1/UBE2E1/CDC20/PPP2CA",14,"Upres_DEq_MS_X3_vs_X5"
"R-HSA-174414","R-HSA-174414","Processive synthesis on the C-strand of the telomere","5/577","19/10955",0.00249949405830445,0.0246408455914514,0.0207414156066317,"PCNA/FEN1/RPA2/LIG1/POLD2",5,"Upres_DEq_MS_X3_vs_X5"
"R-HSA-2995383","R-HSA-2995383","Initiation of Nuclear Envelope (NE) Reformation","5/577","19/10955",0.00249949405830445,0.0246408455914514,0.0207414156066317,"VRK1/ANKLE2/VRK2/CDK1/PPP2CA",5,"Upres_DEq_MS_X3_vs_X5"
"R-HSA-2500257","R-HSA-2500257","Resolution of Sister Chromatid Cohesion","15/577","126/10955",0.00252781061341624,0.0246528782209641,0.0207515440646279,"CKAP5/RCC2/NUDC/SPC24/CLIP1/TUBA4A/MIS12/CDK1/CLASP1/CLASP2/KIF2A/NDE1/WAPL/CDC20/PPP2CA",15,"Upres_DEq_MS_X3_vs_X5"
"R-HSA-9012999","R-HSA-9012999","RHO GTPase cycle","38/577","449/10955",0.00254239318931329,0.0246528782209641,0.0207515440646279,"CCT7/CKB/HGS/DBN1/TXNL1/CYBA/STAM/STIP1/GOPC/TJP2/ARHGEF40/ACTN1/NUDC/CDC37/SNAP23/ANKLE2/WASF2/ARAP1/WDR81/VRK2/DOCK6/AAAS/MCF2/STAM2/WDR6/ARFGAP2/MCAM/FARP2/IQGAP1/EPHA2/ARHGEF18/SOWAHC/DOCK10/RTKN/MYO9B/BAIAP2/CCDC88A/CAVIN1",38,"Upres_DEq_MS_X3_vs_X5"
"R-HSA-2467813","R-HSA-2467813","Separation of Sister Chromatids","20/577","191/10955",0.00257207896193879,0.0247379626989723,0.0208231638681566,"PSME4/PSME3/CKAP5/RCC2/NUDC/SPC24/UBE2C/CLIP1/TUBA4A/MIS12/PSMA4/CLASP1/PSMA3/CLASP2/KIF2A/NDE1/UBE2E1/WAPL/CDC20/PPP2CA",20,"Upres_DEq_MS_X3_vs_X5"
"R-HSA-5685938","R-HSA-5685938","HDR through Single Strand Annealing (SSA)","7/577","37/10955",0.00280380103813504,0.02653517302491,0.0223359644806379,"RFC3/RFC4/RFC2/RFC5/RPA2/RAD9A/TOP3A",7,"Upres_DEq_MS_X3_vs_X5"
"R-HSA-9735869","R-HSA-9735869","SARS-CoV-1 modulates host translation machinery","7/577","37/10955",0.00280380103813504,0.02653517302491,0.0223359644806379,"RPS3/RPS12/RPS11/RPS17/RPS24/FAU/RPS29",7,"Upres_DEq_MS_X3_vs_X5"
"R-HSA-389957","R-HSA-389957","Prefoldin mediated transfer of substrate  to CCT/TriC","6/577","28/10955",0.00289898978113917,0.0272182929451399,0.0229109802252101,"CCT7/CCT3/CCT5/CCT4/TUBA4A/TCP1",6,"Upres_DEq_MS_X3_vs_X5"
"R-HSA-112382","R-HSA-112382","Formation of RNA Pol II elongation complex ","9/577","58/10955",0.00308837419712391,0.0285433333999811,0.0240263321585462,"PAF1/NELFE/ELOA/GTF2F1/IWS1/TCEA1/CCNK/POLR2G/CCNT1",9,"Upres_DEq_MS_X3_vs_X5"
"R-HSA-75955","R-HSA-75955","RNA Polymerase II Transcription Elongation","9/577","58/10955",0.00308837419712391,0.0285433333999811,0.0240263321585462,"PAF1/NELFE/ELOA/GTF2F1/IWS1/TCEA1/CCNK/POLR2G/CCNT1",9,"Upres_DEq_MS_X3_vs_X5"
"R-HSA-6804756","R-HSA-6804756","Regulation of TP53 Activity through Phosphorylation","12/577","92/10955",0.00311294533200629,0.0285473978896391,0.0240297534400486,"RFC3/RFC4/RFC2/RFC5/RPA2/PRKAA2/TAF10/PRKAA1/TAF7/MAPK14/RAD9A/TOP3A",12,"Upres_DEq_MS_X3_vs_X5"
"R-HSA-167172","R-HSA-167172","Transcription of the HIV genome","10/577","70/10955",0.00346545783839702,0.0315356663294129,0.0265451264382476,"NELFE/ELOA/GTF2F1/TCEA1/TAF10/CCNK/POLR2G/CCNT1/TAF7/GTF2E2",10,"Upres_DEq_MS_X3_vs_X5"
"R-HSA-6811440","R-HSA-6811440","Retrograde transport at the Trans-Golgi-Network","8/577","49/10955",0.00375437497453054,0.0339040121745773,0.0285386799992438,"IGF2R/GOLGA1/NAA38/GCC1/NAA35/RAB6A/NAA30/ARFRP1",8,"Upres_DEq_MS_X3_vs_X5"
"R-HSA-499943","R-HSA-499943","Interconversion of nucleotide di- and triphosphates","6/577","30/10955",0.00417845348869453,0.0371662441889145,0.0312846616565494,"RRM1/DCTPP1/RRM2/AK6/NME2/CTPS1",6,"Upres_DEq_MS_X3_vs_X5"
"R-HSA-8866652","R-HSA-8866652","Synthesis of active ubiquitin: roles of E1 and E2 enzymes","6/577","30/10955",0.00417845348869453,0.0371662441889145,0.0312846616565494,"UBE2C/UBE2T/UBE2A/UBE2E1/UBE2Z/UBE2G1",6,"Upres_DEq_MS_X3_vs_X5"
"R-HSA-5693616","R-HSA-5693616","Presynaptic phase of homologous DNA pairing and strand exchange","7/577","40/10955",0.00442984827693324,0.0382610486318305,0.0322062125779345,"RFC3/RFC4/RFC2/RFC5/RPA2/RAD9A/TOP3A",7,"Upres_DEq_MS_X3_vs_X5"
"R-HSA-9013420","R-HSA-9013420","RHOU GTPase cycle","7/577","40/10955",0.00442984827693324,0.0382610486318305,0.0322062125779345,"HGS/TXNL1/STAM/STAM2/WDR6/IQGAP1/EPHA2",7,"Upres_DEq_MS_X3_vs_X5"
"R-HSA-141424","R-HSA-141424","Amplification of signal from the kinetochores","12/577","96/10955",0.00443090757612915,0.0382610486318305,0.0322062125779345,"CKAP5/RCC2/NUDC/SPC24/CLIP1/MIS12/CLASP1/CLASP2/KIF2A/NDE1/CDC20/PPP2CA",12,"Upres_DEq_MS_X3_vs_X5"
"R-HSA-141444","R-HSA-141444","Amplification  of signal from unattached  kinetochores via a MAD2  inhibitory signal","12/577","96/10955",0.00443090757612915,0.0382610486318305,0.0322062125779345,"CKAP5/RCC2/NUDC/SPC24/CLIP1/MIS12/CLASP1/CLASP2/KIF2A/NDE1/CDC20/PPP2CA",12,"Upres_DEq_MS_X3_vs_X5"
"R-HSA-391251","R-HSA-391251","Protein folding","12/577","97/10955",0.00482183286174558,0.0401689955769102,0.0338122256669102,"CCT7/CCT3/CCT5/XRN2/CCT4/TBCD/TUBA4A/WRAP53/TCP1/CCNE1/LONP2/TBCC",12,"Upres_DEq_MS_X3_vs_X5"
"R-HSA-2173793","R-HSA-2173793","Transcriptional activity of SMAD2/SMAD3:SMAD4 heterotrimer","8/577","51/10955",0.00483482721172042,0.0401689955769102,0.0338122256669102,"STAT1/YBX1/NCOR1/CCNK/CCNT1/CCNC/MAPK3/SP1",8,"Upres_DEq_MS_X3_vs_X5"
"R-HSA-9675135","R-HSA-9675135","Diseases of DNA repair","8/577","51/10955",0.00483482721172042,0.0401689955769102,0.0338122256669102,"RFC3/RFC4/RFC2/RFC5/RPA2/MSH3/RAD9A/TOP3A",8,"Upres_DEq_MS_X3_vs_X5"
"R-HSA-6811442","R-HSA-6811442","Intra-Golgi and retrograde Golgi-to-ER traffic","20/577","202/10955",0.00488109182196376,0.0401689955769102,0.0338122256669102,"KIF22/IGF2R/GOLGA1/NAA38/GCC1/KIF15/KIF4A/KIF21A/GALNT1/ARFGAP2/TUBA4A/KIF1B/GOSR2/NAA35/MAN2A1/KIF2A/MAN2A2/RAB6A/NAA30/ARFRP1",20,"Upres_DEq_MS_X3_vs_X5"
"R-HSA-6796648","R-HSA-6796648","TP53 Regulates Transcription of DNA Repair Genes","9/577","62/10955",0.00488410561714214,0.0401689955769102,0.0338122256669102,"MDC1/NELFE/ELOA/GTF2F1/TCEA1/CCNK/POLR2G/CCNT1/ATF2",9,"Upres_DEq_MS_X3_vs_X5"
"R-HSA-167238","R-HSA-167238","Pausing and recovery of Tat-mediated HIV elongation","6/577","31/10955",0.00495524923301385,0.0401689955769102,0.0338122256669102,"NELFE/ELOA/GTF2F1/TCEA1/POLR2G/CCNT1",6,"Upres_DEq_MS_X3_vs_X5"
"R-HSA-167243","R-HSA-167243","Tat-mediated HIV elongation arrest and recovery","6/577","31/10955",0.00495524923301385,0.0401689955769102,0.0338122256669102,"NELFE/ELOA/GTF2F1/TCEA1/POLR2G/CCNT1",6,"Upres_DEq_MS_X3_vs_X5"
"R-HSA-162594","R-HSA-162594","Early Phase of HIV Life Cycle","4/577","14/10955",0.00499141365156872,0.0401689955769102,0.0338122256669102,"FEN1/LIG1/KPNA1/HMGA1",4,"Upres_DEq_MS_X3_vs_X5"
"R-HSA-5358565","R-HSA-5358565","Mismatch repair (MMR) directed by MSH2:MSH6 (MutSalpha)","4/577","14/10955",0.00499141365156872,0.0401689955769102,0.0338122256669102,"PCNA/RPA2/LIG1/POLD2",4,"Upres_DEq_MS_X3_vs_X5"
"R-HSA-69166","R-HSA-69166","Removal of the Flap Intermediate","4/577","14/10955",0.00499141365156872,0.0401689955769102,0.0338122256669102,"PCNA/FEN1/RPA2/POLD2",4,"Upres_DEq_MS_X3_vs_X5"
"R-HSA-9675136","R-HSA-9675136","Diseases of DNA Double-Strand Break Repair","7/577","41/10955",0.00510486689001986,0.0405305874556611,0.0341165953935626,"RFC3/RFC4/RFC2/RFC5/RPA2/RAD9A/TOP3A",7,"Upres_DEq_MS_X3_vs_X5"
"R-HSA-9701190","R-HSA-9701190","Defective homologous recombination repair (HRR) due to BRCA2 loss of function","7/577","41/10955",0.00510486689001986,0.0405305874556611,0.0341165953935626,"RFC3/RFC4/RFC2/RFC5/RPA2/RAD9A/TOP3A",7,"Upres_DEq_MS_X3_vs_X5"
"R-HSA-1226099","R-HSA-1226099","Signaling by FGFR in disease","9/577","63/10955",0.00543943669006988,0.0428990240290178,0.0361102253249551,"STAT1/TRIM24/LRRFIP1/GTF2F1/GAB1/FGFR4/BAG4/POLR2G/STAT5B",9,"Upres_DEq_MS_X3_vs_X5"
"R-HSA-389958","R-HSA-389958","Cooperation of Prefoldin and TriC/CCT  in actin and tubulin folding","6/577","32/10955",0.00583301715603822,0.0453977585236395,0.0382135334460675,"CCT7/CCT3/CCT5/CCT4/TUBA4A/TCP1",6,"Upres_DEq_MS_X3_vs_X5"
"R-HSA-917729","R-HSA-917729","Endosomal Sorting Complex Required For Transport (ESCRT)","6/577","32/10955",0.00583301715603822,0.0453977585236395,0.0382135334460675,"HGS/STAM/VTA1/CHMP3/STAM2/CHMP4A",6,"Upres_DEq_MS_X3_vs_X5"
"R-HSA-5693538","R-HSA-5693538","Homology Directed Repair","15/577","138/10955",0.0060016611110642,0.0464050006169212,0.0390613788171086,"PCNA/RFC3/RFC4/RFC2/RFC5/FEN1/MDC1/RPA2/POLE3/BRCC3/RFC1/BABAM2/POLD2/RAD9A/TOP3A",15,"Upres_DEq_MS_X3_vs_X5"
"R-HSA-9013418","R-HSA-9013418","RHOBTB2 GTPase cycle","5/577","23/10955",0.00607593547463966,0.046674231600641,0.0392880038209783,"CCT7/DBN1/TXNL1/ACTN1/CDC37",5,"Upres_DEq_MS_X3_vs_X5"
